0 0.883381 0.322821 0.114409 0.466220
0 0.621187 0.287795 0.104677 0.394427
0 0.728492 0.709725 0.082814 0.297624
0 0.362487 0.678784 0.104942 0.378748
0 0.334194 0.222423 0.088818 0.265541
0 0.188384 0.205209 0.072562 0.227129
0 0.057305 0.210009 0.055062 0.235918
0 0.482174 0.671764 0.097806 0.325679
0 0.610729 0.686886 0.082247 0.311119
0 0.094098 0.664537 0.127281 0.462147
0 0.127182 0.198668 0.066860 0.206924
0 0.239403 0.668812 0.109914 0.433441
0 0.846891 0.718075 0.058376 0.257047
0 0.257823 0.220337 0.080714 0.257956
0 0.032100 0.285095 0.064200 0.392287
0 0.706228 0.310587 0.108862 0.445001
0 0.418271 0.253892 0.082990 0.321151
0 0.961325 0.354815 0.077350 0.523897
0 0.526732 0.253983 0.095407 0.326106
0 0.771449 0.313593 0.117134 0.452666
