0 0.506890 0.712331 0.036108 0.356269
0 0.794764 0.646740 0.042632 0.430154
0 0.961318 0.613416 0.029526 0.258888
0 0.553011 0.712802 0.032095 0.338725
0 0.879139 0.627863 0.030671 0.328312
0 0.657082 0.726663 0.027986 0.307359
0 0.414397 0.241232 0.030515 0.482465
0 0.457082 0.248655 0.027290 0.454571
0 0.337437 0.695527 0.043747 0.441479
0 0.400133 0.723756 0.030066 0.384762
0 0.698152 0.681688 0.023190 0.214561
0 0.592488 0.197733 0.014620 0.312430
0 0.367053 0.176504 0.029239 0.353008
0 0.608308 0.717319 0.030876 0.316534
0 0.509504 0.260949 0.033567 0.460987
0 0.735644 0.702065 0.021898 0.219438
0 0.548209 0.241966 0.021837 0.400562
0 0.279250 0.724253 0.035853 0.383786
0 0.636521 0.234621 0.026630 0.384013
0 0.923126 0.620801 0.027855 0.288979
0 0.839697 0.627778 0.039368 0.359367
0 0.451226 0.720533 0.039658 0.389790
